set3_01.JPG 320 8537 31 2075 4407 4454 3840 402 3750 3718 4345 
set3_02.JPG 412 3 220 385 2073 3631 775 
set3_03.JPG 1518 3482 3594 32 5764 3855 775 
set3_04.JPG 2524 1251 215 19 4380 248 3555 
set3_05.JPG 3482 3594 3855 
set3_06.JPG l13 
set3_07.JPG 1518 
set3_08.JPG 3631 
set3_09.JPG 2830 
set3_10.JPG 129 
set3_11.JPG 1495 
set3_12.JPG 2 221 3122 4242 
set3_13.JPG 2 3250 33 49 962 365 
set3_14.JPG 2 235 1841 
set3_15.JPG 2 2091 044 3608 3352 
set3_16.JPG 2 3478 2446 4000 319 2857 8310 
set3_17.JPG 2 949 15 3959 4178 
set3_18.JPG 2 2404 283 
set3_19.JPG 3466 8 
set3_20.JPG 3375 
set3_21.JPG 3552 818 5 3054 
set3_22.JPG 581 288 3054 307 
set3_23.JPG 139 3558 975 
set3_24.JPG 1454 65 27 371 2564 
set3_25.JPG 3558 3717 2564 2377 
set3_26.JPG 2464 1005 
set3_27.JPG 4241 
set3_28.JPG 3855 
set3_29.JPG 526 4208 
set3_30.JPG 1802 
set3_31.JPG 1551 
set3_32.JPG 3470 4025 
set3_33.JPG 1628 
set3_34.JPG a221 
set3_35.JPG 1311 
set3_36.JPG 1577 
set3_37.JPG 89 
set3_38.JPG 4345 
set3_39.JPG 4649 
set3_40.JPG 327 331 4595 
set3_41.JPG 3150 
set3_42.JPG 3554 
set3_43.JPG 2074 
set3_44.JPG 2 840 3286 3457 
set3_45.JPG 1859 367 37 
set3_46.JPG 2167 376 
set3_47.JPG 2 3355 1777 2552 
set3_48.JPG 2 3298 2648 3860 
set3_49.JPG 4606 3591 858 
set3_50.JPG 858 614 337 4173 
set3_51.JPG 2 4333 4346 
set3_52.JPG 1666 1055 3555 5849 317 
set3_53.JPG 198 8 753 
set3_54.JPG 24 422 3025 2 3783 123 935 
set3_55.JPG 2 233 4624 
set3_56.JPG 520 1334 3 2244 
set3_57.JPG 2 973 4183 025 
set3_58.JPG 21 1880 2813 4207 3131 822 36 